132 19705596 1
92 49065050 1
168 315407 1
336 721294 2
504 767882 3
672 794757 4
840 816956 5
1008 836993 6
1122 855502 7
96 5158575 1
195 268589 1
150 14204738 1
123 11562498 1
246 13773369 2
228 8852487 1
112 5965178 1
224 6039684 2
96 1981185 1
92 58646910 1
184 123875093 2
276 128915181 3
368 225441696 4
112 10814896 1
224 66954535 2
316 84665546 3
241 500590 1
194 99549319 1
96 39622666 1
241 38428062 1
228 11765132 1
201 30282 1
402 66683 2
108 22167650 1
195 16441484 1
390 16497752 2
227 2023101 1
181 156825 1
362 2937521 2
212 10259614 1
123 5620285 1
246 11707603 2
188 13953 1
536 212210 1
196 11493 1
392 32027 2
515 4705264 3
196 5435265 1
181 756501 1
92 8585615 1
184 9836342 2
276 22804986 3
182 18346077 1
364 18652922 2
88 584777 1
188 86247518 1
112 25151057 1
120 52184260 1
196 2143626 1
195 384686 1
390 2900036 2
527 15755039 3
619 67031968 4
228 10413266 1
212 47759201 1
195 2927282 1
227 2894519 1
96 95096872 1
242 2748454 1
230 6320463 1
457 24766616 2
195 345923 1
390 2584381 2
432 36407999 1
168 49400 1
336 84726 2
432 54830322 3
195 308784 1
227 1453533 1
195 921995 1
390 1143763 2
196 14462696 1
123 2887328 1
92 62985199 1
92 6766054 1
200 2204349 1
96 3397860 1
192 20191473 2
112 65267800 1
208 117824346 2
96 13237279 1
201 279859 1
402 1415925 2
120 327624 1
124 28758877 1
241 11561245 1
480 14485447 2
116 34393441 1
120 39489073 1
232 41500484 2
120 77953238 1
120 26455242 1
120 25528 1
240 86268 2
360 60840360 3
480 60994699 4
600 66457879 5
120 58107133 1
120 33469415 1
240 41709169 2
120 15292139 1
240 32333046 2
360 48289172 3
92 18501711 1
228 6807531 1
196 552626 1
125 17285167 1
217 31067542 2
96 6667785 1
48 20449044 1
194 1130391 1
120 11390963 1
92 59979940 1
182 404889 1
364 565892 2
136 22466289 1
228 22775740 2
532 5038386 1
80 151419 1
112 28119780 1
120 15700 1
240 41153 2
360 57182 3
120 7318 1
123 15303 1
246 30450 2
369 44661 3
489 58295 4
609 73449 5
713 30585445 6
92 1674639 1
184 2803091 2
195 160120 1
390 625559 2
242 1147703 1
483 2431711 2
711 12729439 3
227 26311 1
120 21469056 1
120 388358 1
120 34299101 1
240 251205048 2
120 18411 1
240 57693 2
196 31159 1
392 63334 2
60 20149766 1
120 36768076 1
240 44176876 2
194 66730717 1
228 12242774 1
120 21022846 1
120 128200 1
120 7937323 1
240 12220836 2
188 23037 1
227 913768 1
120 5752283 1
240 24962141 2
356 51159136 3
120 42433364 1
240 79041613 2
360 80471257 3
480 107616613 4
600 134300517 5
1344 381653 1
2688 452495 2
4032 493636 3
48 17484623 1
1320 71811 1
1320 155032 1
1320 121813 1
2640 290089 2
1320 191527 1
1320 21065 1
2640 48983 2
1320 18855 1
2640 121637 2
3960 146684 3
5280 399047 4
6600 429791 5
1320 12863 1
2640 350595 2
3960 395743 3
5280 484764 4
6600 891341 5
7920 1176582 6
9240 1346058 7
10560 1668945 8
11880 1847469 9
13200 2106159 10
14520 6890825 11
15840 6926481 12
17160 6948199 13
18480 7061248 14
92 49675079 1
1320 103496 1
2640 307750 2
1320 148422 1
2640 177401 2
3960 197218 3
5280 456165 4
6600 483323 5
7896 708946 6
1320 189893 1
2640 255885 2
3960 496778 3
5280 540463 4
6600 571309 5
7920 626088 6
9240 892402 7
10560 941029 8
11880 967008 9
13200 1320072 10
14520 1634495 11
432 20908037 1
864 24816419 2
88 6651754 1
195 8236064 1
390 8511162 2
227 30621403 1
92 49053793 1
168 30941 1
336 61859 2
504 1629475 3
168 30265 1
336 61506 2
504 81998 3
672 101292 4
840 120613 5
954 140268 6
114 11232 1
168 9555 1
336 27983 2
504 46373 3
92 31494 1
432 63419729 1
195 25389 1
228 31782743 1
92 6185720 1
96 4469700 1
120 765728 1
120 526534059 1
216 526601651 2
120 13838 1
240 50673 2
120 142120 1
216 170231 2
195 10893271 1
390 10935257 2
227 3433504 1
120 13989765 1
228 5032500 1
120 3889008 1
182 28012 1
364 79122 2
1344 35600 1
2683 96685 2
120 19342 1
232 79694413 2
120 19985292 1
120 48265759 1
240 108721838 2
120 43300720 1
227 3129759 1
120 67358029 1
240 110842903 2
360 204329221 3
480 204775543 4
600 224077667 5
720 300867466 6
840 355537381 7
120 7815031 1
240 85432393 2
184 26618477 1
227 5250916 1
120 3887043 1
181 339330 1
362 396455 2
120 66642848 1
96 31829315 1
188 19889 1
123 2814967 1
246 9019759 2
123 5063372 1
120 90815536 1
92 10099363 1
184 10471059 2
120 3705220 1
181 927927 1
362 3166213 2
120 14949274 1
196 64456463 1
120 650772 1
120 45582890 1
120 30381735 1
120 9063278 1
240 20404717 2
336 486218794 3
128 95610 1
120 99114920 1
240 114513088 2
360 135683574 3
480 143076447 4
196 150934 1
196 14117567 1
120 50616841 1
124 15964941 1
120 22241 1
240 34639436 2
360 34762993 3
480 54401075 4
112 43717315 1
92 53280363 1
201 5439609 1
227 41647631 1
120 12092485 1
162 31752465 1
96 7215657 1
1344 143771 1
2688 414207 2
4032 1052174 3
5376 1442011 4
1320 35414 1
1320 22851 1
1320 14040 1
1320 21282 1
1320 19405 1
2640 136023 2
1320 23037 1
2640 58665 2
3960 110712 3
5280 427246 4
6600 468552 5
1320 21969 1
2640 66599 2
3960 167052 3
5280 189511 4
6600 219027 5
7920 405507 6
9240 441972 7
10560 486373 8
11880 518515 9
13200 549040 10
14520 590041 11
15840 635770 12
17160 671584 13
18480 886774 14
19800 926370 15
21120 961780 16
22440 1152906 17
23760 1190432 18
25080 1232574 19
26400 1269720 20
27720 1302759 21
29040 1346460 22
30360 1393206 23
31680 1435519 24
33000 1470265 25
34320 1576795 26
35640 4231447 27
36960 4294723 28
38280 4333951 29
39600 4375047 30
40920 4412876 31
42240 4451315 32
43560 4492178 33
44880 4563816 34
46200 4604974 35
47520 4778621 36
48840 4819910 37
50160 4896490 38
51480 4932660 39
52800 4992590 40
54120 5036925 41
55440 5086331 42
56760 5123118 43
58080 5157887 44
59400 5204075 45
60720 5471534 46
62040 5507352 47
63360 5533036 48
64680 5703503 49
66000 5742412 50
67320 5773973 51
68597 5816944 52
100 3878049 1
192 50351750 2
1344 17803 1
150 3617109 1
1344 22331 1
1320 39505 1
2640 107799 2
1320 277188 1
2640 327625 2
1320 26130 1
2640 352019 2
3960 655356 3
5280 932488 4
6600 1164160 5
7896 1220784 6
1320 436970 1
2640 718792 2
3960 959641 3
241 18612433 1
168 29449 1
336 66471 2
504 87515 3
120 16842018 1
120 20655423 1
240 63136035 2
360 68807363 3
112 1396642 1
192 2318607 1
242 2907676 1
123 35579326 1
246 38676496 2
294 45749181 3
230 40082 1
123 24574354 1
215 58977234 2
212 179654 1
60 418289 1
92 5531924 1
92 38729007 1
120 7418766 1
432 118913461 1
112 27858797 1
160 37053360 2
212 21478 1
60 803183 1
120 32674834 1
200 7353468 1
400 9497647 2
120 5669450 1
227 11215317 1
120 6707348 1
120 7116211 1
120 36464763 1
120 1279241 1
48 10222116 1
120 42930421 1
240 45766198 2
360 79051175 3
195 1150761 1
390 9133767 2
120 281146 1
240 29616936 2
212 23200235 1
201 332735 1
402 581413 2
120 201460503 1
240 266156769 2
112 12891787 1
133 181510867 1
123 1955315 1
246 7672520 2
123 3436249 1
196 20462345 1
392 40694407 2
96 16871559 1
48 3057184 1
92 2455385 1
184 11918747 2
129 42008517 1
96 18155108 1
196 382225 1
120 4672640 1
240 23476060 2
336 26370537 3
228 7498206 1
227 7247613 1
120 8246290 1
120 22962061 1
240 110830333 2
112 310158 1
120 32407136 1
120 20917 1
200 16696835 1
400 16879759 2
120 19212871 1
240 39219691 2
120 19719968 1
200 10142765 1
400 11826314 2
227 5213387 1
120 61595675 1
96 23931909 1
120 97040853 1
240 119750097 2
212 372303 1
332 644754 2
452 3463357 3
572 14159490 4
60 121410 1
96 26174008 1
48 37658286 1
120 19252377 1
196 37407 1
296 220451 2
120 14000 1
181 29167 1
362 61409 2
454 29600155 3
195 37395 1
212 26763 1
60 438337 1
196 126691 1
227 1803652 1
364 19467247 2
196 25284236 1
212 377932 1
60 355704 1
137 99248862 1
229 148894981 2
187 23365 1
374 50342 2
120 73347073 1
241 9096309 1
123 36301937 1
246 40072933 2
92 7322707 1
184 8337914 2
120 29007240 1
232 32678214 2
92 59769377 1
48 61422380 1
228 53931750 1
120 5260549 1
240 41717154 2
88 170163 1
120 50098788 1
240 59103428 2
360 59526785 3
112 29779177 1
120 63561639 1
240 63763541 2
120 17133294 1
242 13909712 1
443 34354891 2
644 34559649 3
60 4798347 1
116 8159054 1
120 23046150 1
112 69644963 1
120 25775826 1
240 70022486 2
96 27177061 1
195 1356076 1
120 30523115 1
96 1682652 1
120 19559901 1
236 77204522 2
181 297833 1
362 1162408 2
88 17065 1
230 15652 1
212 22228 1
60 152626 1
100 154252743 1
48 15275942 1
120 99222170 1
212 143946 1
60 753024 1
123 2942735 1
246 8620732 2
369 29461941 3
120 19365738 1
232 22815468 2
181 30173 1
362 9021540 2
454 48659114 3
546 54923736 4
638 55998589 5
730 64340004 6
181 46086238 1
120 49409254 1
96 12569879 1
120 6730852 1
216 6913180 2
1344 31825 1
212 2472698 1
60 4131651 1
120 4243577 1
120 80909814 1
181 26334 1
362 56971 2
454 9828094 3
92 65463518 1
120 55643444 1
120 129087 1
240 73714239 2
360 87221754 3
120 25558 1
240 50495867 2
120 45885684 1
240 45938194 2
120 20247523 1
240 66564405 2
130 1203223 1
250 1711246 2
370 71008181 3
120 9380534 1
241 5651925 1
137 27929203 1
182 264998 1
364 566730 2
96 71720532 1
188 89636868 2
195 29984 1
390 62678 2
196 112363 1
192 18452362 1
228 12958351 1
92 49231402 1
241 40478268 1
212 317401 1
96 55290988 1
96 62791368 1
120 3359388 1
123 37246508 1
246 39931894 2
92 57973195 1
184 123585791 2
276 129383683 3
100 8134104 1
212 385678 1
60 405381 1
196 15168768 1
96 20327266 1
242 10657545 1
201 3484179 1
402 3950563 2
230 169908 1
426 88347583 2
120 5103020 1
240 35349954 2
1344 253079 1
2688 7421883 2
1320 162776 1
1320 161954 1
1320 56467 1
212 173211 1
60 443883 1
187 28498 1
374 60013 2
120 12036012 1
240 45795791 2
360 95825660 3
120 24932873 1
201 25470 1
402 58738 2
120 37209563 1
240 41765422 2
120 38510138 1
240 218468474 2
360 220524622 3
120 7909553 1
240 12671642 2
360 65690641 3
212 458834 1
60 26278 1
120 4028821 1
228 5615679 1
241 904847 1
48 2601510 1
239 9710765 1
451 42980628 2
96 22581736 1
116 10990806 1
212 53275877 2
123 3028103 1
246 8173409 2
334 18129546 3
123 390821 1
196 8515396 1
100 56320628 1
192 60001635 2
92 28809 1
140 6872059 2
92 20091807 1
212 67349863 1
96 18716265 1
92 15725221 1
120 146402322 1
240 149684373 2
182 838601 1
364 1339044 2
212 1014781 1
532 1268029 1
96 60165168 1
194 982215 1
196 339005 1
392 379953 2
92 2380020 1
96 36181127 1
120 1397420 1
120 12643717 1
240 54011710 2
112 15922 1
92 49974184 1
120 63347221 1
112 36596843 1
120 7609071 1
240 10605779 2
195 1696365 1
390 1737491 2
120 54536220 1
228 14406916 1
120 32618373 1
240 90809501 2
212 154575 1
60 338862 1
92 52179 1
137 31725190 1
229 80147679 2
212 189458 1
60 8730 1
188 11204207 1
432 25207205 1
864 47373109 2
168 269070 1
336 308678 2
504 329087 3
672 349148 4
840 368533 5
1008 387520 6
212 12958 1
60 819802 1
150 12725448 1
432 5977106 1
181 59805614 1
331 61385423 2
1344 49923 1
2688 98479 2
1320 174996 1
1320 43445 1
1320 39964 1
1320 582482 1
1320 21597 1
1320 182138 1
2640 233782 2
3960 492188 3
1320 21353 1
2640 49648 2
3960 131400 3
5280 378012 4
6600 442774 5
7920 507130 6
9240 637847 7
10560 692543 8
11880 900935 9
1320 242145 1
2640 274156 2
3960 2865040 3
5280 2899167 4
6600 2981055 5
7920 3013222 6
9240 3042314 7
10560 3151045 8
11880 3174619 9
13200 3260853 10
14520 3326226 11
15840 3364818 12
17160 3387394 13
18480 3523932 14
19800 3553317 15
21120 3573739 16
22440 3651936 17
23760 3679182 18
25080 3774689 19
26400 3805412 20
27720 3912068 21
29040 3954493 22
30360 4148841 23
31680 4175005 24
33000 4209580 25
34320 4267021 26
35640 8354262 27
36960 8403213 28
38280 8440770 29
39600 8489584 30
40920 8511892 31
42240 8560586 32
43560 8598704 33
44880 8754842 34
46200 8786485 35
47520 8819767 36
48840 8845534 37
50160 8880637 38
51480 9007925 39
52800 9050687 40
54120 9117998 41
55440 9140988 42
56760 9224023 43
58080 9245214 44
59400 9370670 45
60720 9407879 46
62040 9434912 47
63360 9607433 48
64680 9797428 49
66000 9859685 50
67320 9915020 51
68640 9944195 52
69960 9963684 53
71280 10069788 54
72600 10111519 55
73920 10162760 56
75240 10192408 57
76560 10284419 58
77880 10307452 59
79200 10391950 60
80520 10417996 61
81840 10503109 62
83160 10781836 63
84480 10812589 64
85800 11208211 65
87120 11246726 66
88440 11399316 67
89760 11426915 68
91080 11446241 69
92400 11720691 70
93720 11757055 71
95040 13608747 72
96360 13640577 73
97680 13685078 74
99000 13712826 75
100320 14986181 76
101640 15023583 77
102960 15052685 78
104280 15070876 79
105600 15088724 80
106920 15156316 81
108240 15186359 82
109560 15214469 83
110880 15348463 84
112200 15384652 85
113520 15407572 86
114840 15437721 87
116160 15553704 88
117480 15603833 89
118800 15766088 90
120120 15793394 91
121440 15814728 92
122760 15899788 93
124080 15924096 94
125400 16002472 95
126720 16031866 96
128040 16293709 97
129360 16326788 98
130680 16375391 99
123 2944842 1
120 21211457 1
92 66053403 1
184 72889178 2
212 20320 1
60 406540 1
120 552774 1
112 56054486 1
96 862186 1
92 124708566 1
140 166730050 2
96 18835076 1
192 75306169 2
120 94075645 1
240 161508077 2
195 1043257 1
390 2628374 2
120 72479787 1
239 5649995 1
120 29140510 1
240 29203594 2
227 26435884 1
120 30429148 1
120 35318430 1
240 48335513 2
360 116684543 3
196 66358129 1
116 43144733 1
228 14359968 1
116 24488268 1
120 7282256 1
212 17192 1
408 9559064 2
60 1155916 1
123 2649654 1
246 7784087 2
123 2163725 1
196 19500669 1
316 25561811 2
241 24445760 1
422 60466366 2
603 66732148 3
92 7209174 1
184 8393989 2
276 17506807 3
96 15561790 1
228 5394990 1
120 27588014 1
216 69026551 2
120 12065919 1
122 1949454 1
120 53360382 1
181 2723659 1
362 5766883 2
120 1231962 1
240 6908157 2
120 127135635 1
240 169595365 2
360 180451933 3
124 5973242 1
248 84822311 2
120 23913000 1
124 9219090 1
124 5069151 1
216 7403667 2
212 34904 1
60 489802 1
120 9881122 1
228 10761560 1
137 15922817 1
120 23208888 1
124 644056 1
248 10060869 2
124 7299860 1
120 11932640 1
212 400001 1
60 160827 1
120 48076008 1
240 82088597 2
360 82420703 3
480 92808489 4
201 266440 1
325 21197005 2
124 28142554 1
112 18784478 1
182 1125081 1
364 1161682 2
432 16940116 1
112 13460989 1
120 3501642 1
92 48485264 1
432 20016209 1
120 17509734 1
120 16218504 1
216 25818736 2
125 10026554 1
245 16589035 2
228 380331 1
120 40708584 1
240 56120053 2
360 67462404 3
480 97595416 4
600 108941627 5
120 33367951 1
240 38605118 2
432 11474548 1
864 41688337 2
1296 58093783 3
239 9290992 1
432 33638710 1
864 39185513 2
96 1398847 1
92 50308732 1
196 36540393 1
96 48032384 1
120 4041592 1
236 160917820 2
120 49837318 1
240 52443360 2
120 11996776 1
240 29832027 2
123 3016267 1
201 151255 1
402 837032 2
230 2279587 1
92 4686353 1
120 19828 1
120 73408277 1
201 250405 1
402 431268 2
120 123157404 1
120 7854415 1
120 11459278 1
120 108876322 1
240 160508777 2
360 199411912 3
480 264391057 4
182 557634 1
230 102273229 1
120 27853 1
240 75214503 2
360 121802397 3
190 92539230 1
120 4080008 1
112 65808220 1
120 42106964 1
123 3217768 1
246 7418790 2
338 13315194 3
92 5173670 1
184 5220243 2
232 12090778 3
92 107441 1
241 15979704 1
469 54495878 2
241 29176891 1
212 174906 1
201 28958 1
336 66597449 2
96 10276136 1
188 28528 1
200 16428875 1
48 24890 1
92 31407 1
80 33135 1
88 176621795 1
120 133050701 1
196 136569 1
196 409685 1
316 5884813 2
241 17087219 1
436 18945090 2
631 19455878 3
120 4445048 1
96 11982996 1
244 250098 1
241 194510 1
120 19719 1
120 44544095 1
120 62781311 1
240 66199751 2
118 21552013 1
120 58328342 1
240 83001634 2
360 154260989 3
480 161638724 4
120 20073 1
120 12367906 1
240 63965614 2
336 64851566 3
120 38748 1
188 17411 1
48 39840131 1
120 4071797 1
240 4797003 2
360 33738595 3
181 60059 1
362 147256 2
182 40920 1
364 91860 2
196 29750530 1
120 2768005 1
212 77974917 2
120 8340851 1
168 48686 1
336 92191 2
504 122427 3
672 150963 4
840 179442 5
1008 206988 6
1122 234706 7
152 14054 1
304 38626 2
456 55035 3
608 76453 4
760 91608 5
912 106537 6
1064 121162 7
1216 135512 8
1368 150073 9
1520 164249 10
1672 179657 11
1824 193986 12
1976 209125 13
2128 223419 14
2280 237161 15
2432 251077 16
2584 265414 17
2736 279553 18
2888 293513 19
3040 310556 20
3192 324732 21
3344 338312 22
3496 736345 23
3648 761133 24
3800 809578 25
3952 864967 26
4104 905974 27
4256 927480 28
4408 950598 29
4560 964417 30
4712 1008526 31
4864 1026469 32
5016 1039780 33
5168 1053049 34
5320 1066223 35
5472 1079385 36
5624 1092658 37
5776 1105586 38
5928 1118461 39
6080 1131243 40
6232 1144482 41
6384 3124068 42
6536 3145734 43
6688 3160431 44
6840 3174106 45
6992 3186304 46
7144 3198070 47
7296 3210619 48
7448 3223707 49
7600 3236729 50
7752 3249134 51
7904 3260739 52
8056 3272388 53
8208 3284804 54
8360 3297101 55
8512 3308830 56
8664 3320609 57
8816 3332000 58
8968 3344456 59
9120 3356847 60
9272 3369158 61
9424 3381775 62
9576 3394140 63
9728 3406400 64
9880 3418552 65
10032 3431098 66
10184 3443088 67
10336 3816988 68
10488 3837787 69
10640 3852746 70
10792 3865736 71
10944 3879451 72
11096 3892253 73
11248 3905303 74
11400 3918017 75
11552 3930857 76
11704 3943817 77
11856 3955803 78
12008 4233711 79
12160 4252126 80
12312 4264272 81
12464 4276262 82
12616 4288891 83
12768 4301042 84
12920 4313698 85
13072 4325565 86
152 6984 1
304 18971 2
456 30916 3
608 42596 4
760 3183349 5
912 3201826 6
1064 3215824 7
1216 3230092 8
120 14457605 1
240 58071638 2
332 87222024 3
194 23162239 1
227 26337 1
195 3041403 1
390 3099973 2
228 5963450 1
168 411170 1
336 4634091 2
504 4677399 3
672 4695865 4
786 4712623 5
123 36527054 1
246 39694562 2
369 96901480 3
92 66347506 1
184 72457946 2
92 23665367 1
140 164845324 2
96 2390695 1
241 13167295 1
120 53849447 1
120 68901622 1
200 25342 1
400 3705707 2
196 20917876 1
120 9944359 1
112 72277968 1
120 6445398 1
240 103701317 2
360 146074878 3
120 3950049 1
120 7203506 1
240 11777610 2
227 2849324 1
120 49763764 1
120 26404332 1
96 21260679 1
120 12809419 1
240 21612817 2
120 13529041 1
216 67138759 2
96 6210121 1
96 30442778 1
192 351996 1
96 35192420 1
432 26544356 1
96 13421516 1
120 44852813 1
123 6698872 1
246 9171475 2
369 28589806 3
92 13757532 1
184 16952335 2
276 20041706 3
195 1970367 1
227 3390542 1
195 348795 1
390 1057107 2
228 980550 1
124 194057632 1
244 247036796 2
48 41679850 1
120 106160307 1
120 40267686 1
532 191126 1
181 1024356 1
362 1366824 2
120 4845225 1
92 9349189 1
241 33925 1
120 9522506 1
240 39327807 2
120 1043104 1
216 13200319 2
120 66020801 1
220 106449434 2
120 19066034 1
240 50172428 2
120 25145664 1
120 14623224 1
164 29711521 1
260 44909160 2
92 42673076 1
120 83115598 1
240 112752586 2
360 277331249 3
120 58370593 1
180 73486419 2
196 19025100 1
392 28856360 2
96 37521084 1
188 67328726 2
168 37847 1
336 81093 2
504 110756 3
672 540580 4
840 600112 5
1008 636756 6
1176 666238 7
1344 694199 8
1512 724000 9
1680 750487 10
1848 776942 11
2016 803207 12
2184 829554 13
2352 873519 14
2520 921117 15
2688 967675 16
2856 1028122 17
2952 13516386 18
48 48849922 1
120 14588761 1
241 8039860 1
480 10543096 2
227 6517438 1
356 117949662 2
123 32048347 1
246 34878196 2
96 28009192 1
92 5138693 1
92 7972437 1
143 57453045 1
194 18398897 1
306 25907110 2
120 69765668 1
120 51750478 1
196 29312597 1
120 15264727 1
120 24835 1
240 16194715 2
120 52923391 1
240 56433169 2
360 84277205 3
480 103053111 4
200 31963 1
400 2758274 2
120 96314135 1
228 3265281 1
177 3321734 1
297 21000940 2
393 29164501 3
112 38046207 1
92 83627814 1
120 12276143 1
120 55288 1
216 21129292 2
241 5233496 1
241 31371 1
196 903775 1
120 13565382 1
240 21068878 2
120 21206 1
239 2891052 1
228 16165037 1
206 35949 1
412 72439 2
532 113265026 3
123 4254619 1
246 9146688 2
346 18070663 3
92 18825 1
184 9093356 2
195 10357111 1
188 4676223 1
120 64359325 1
120 10797707 1
88 43058692 1
120 11475792 1
240 11512243 2
241 4298742 1
120 29228 1
120 20636139 1
240 24926955 2
352 29530773 3
196 15996 1
308 128796 2
96 9294843 1
120 23278887 1
120 8309098 1
240 158980903 2
360 159032428 3
480 159053604 4
92 8164493 1
120 4388208 1
240 41736229 2
92 55205604 1
96 23407247 1
112 34195478 1
120 74538 1
240 147196 2
120 21762 1
240 45999 2
360 61582 3
480 76113 4
120 19675000 1
112 27575507 1
137 63998440 1
229 110432480 2
120 11835344 1
230 44676836 1
457 66600556 2
228 15090214 1
212 47628777 1
120 21278 1
168 14604 1
336 35657 2
182 12038 1
364 31062 2
137 12844 1
92 514794 1
184 11076429 2
123 33997226 1
246 34146990 2
92 67220542 1
92 4291529 1
92 70127282 1
92 39715562 1
180 146304521 2
182 40484 1
364 90503 2
241 39755303 1
181 23568 1
120 77388061 1
120 62919474 1
240 230579305 2
360 275208156 3
452 372409394 4
120 32603506 1
216 104205839 2
88 17912334 1
120 12404469 1
182 23613 1
364 51592 2
484 18891383 3
120 5150833 1
120 17441319 1
195 60457 1
390 159476 2
96 22922711 1
120 25788 1
228 31188883 1
120 73616340 1
120 11114134 1
120 17152996 1
120 10506454 1
120 35375436 1
240 35503649 2
120 1029301 1
240 112481410 2
230 1645082 1
227 8023525 1
120 57197266 1
96 51864068 1
123 3959166 1
246 11714575 2
92 25132 1
184 9687751 2
120 49098863 1
120 6072954 1
92 27624178 1
201 8652 1
402 31444 2
522 6499685 3
92 25724818 1
112 7259089 1
120 2999804 1
96 2432713 1
120 3995775 1
240 17525332 2
360 58032518 3
120 18612 1
240 45485 2
196 67047295 1
120 1481548 1
239 7064998 1
466 18701404 2
196 22075 1
195 246588 1
390 2147954 2
120 28361583 1
96 26296946 1
120 1761952 1
201 390256 1
402 1028854 2
120 9648549 1
92 49337105 1
60 89876281 1
239 3668385 1
96 34551213 1
188 42595594 1
120 4790493 1
92 43114968 1
120 66694264 1
92 48849401 1
241 26522 1
1344 1219617 1
196 8310908 1
92 14192361 1
92 27501 1
241 19622547 1
436 23282890 2
631 28090870 3
228 23548145 1
92 51166537 1
116 48354835 1
232 62226996 2
120 63756557 1
120 40017011 1
120 64754007 1
120 6492401 1
240 82120354 2
241 49797422 1
120 33762108 1
240 41907576 2
123 38536346 1
246 51174917 2
120 25308152 1
240 30340942 2
360 34417392 3
92 7767638 1
120 17080551 1
240 44251657 2
120 606078 1
240 26539495 2
228 8350252 1
120 46095007 1
240 69309997 2
360 82085302 3
120 81171456 1
240 125948380 2
241 9763901 1
285 4103535 1
512 15143119 2
739 52098861 3
182 302890 1
364 8810158 2
196 7597566 1
392 78295088 2
228 9971228 1
120 115763165 1
240 193121802 2
352 212201135 3
464 346923112 4
182 505965 1
364 783499 2
120 7073723 1
120 10720768 1
120 52649903 1
216 78791825 2
120 12511606 1
240 50819676 2
360 120091911 3
195 988939 1
390 1183562 2
502 40632515 3
614 40953085 4
193 545633 1
343 737872 2
120 21683 1
120 37793 1
240 82244 2
120 16397667 1
240 39542927 2
360 61661914 3
480 62685184 4
600 161843710 5
720 167563751 6
840 193390566 7
960 200616215 8
1080 203184195 9
120 6205036 1
123 1366745 1
246 7705314 2
92 67642 1
184 728577 2
276 13902229 3
112 7859193 1
291 19426 1
227 6394613 1
188 22136 1
200 23803 1
400 55871 2
228 25964 1
120 75451270 1
112 3153123 1
193 38820 1
343 184496 2
239 14841591 1
196 1299766 1
316 1336409 2
436 12975918 3
432 1938083 1
92 55418220 1
200 3516339 1
400 5255139 2
137 125064721 1
229 176608191 2
196 21037074 1
241 288661 1
92 28630613 1
184 48364588 2
112 31099167 1
194 149565964 1
195 299078 1
390 1811342 2
510 25484238 3
196 57741276 1
96 6650330 1
196 33068608 1
137 3918554 1
195 33732 1
390 1665338 2
228 6267474 1
120 25542227 1
123 37076692 1
246 40240693 2
496 824107 1
92 56728690 1
92 5524826 1
201 18224 1
402 49339 2
230 29129 1
96 18379900 1
432 3349946 1
88 131400229 1
387 138818309 1
195 3285191 1
390 3329059 2
230 120867868 1
120 19709222 1
240 40637357 2
206 2335695 1
200 57986193 1
396 77473039 2
508 94477578 3
227 51450 1
112 130463666 1
224 130531652 2
195 31817 1
390 16461880 2
228 23998643 1
112 69773 1
200 10397665 2
206 12150633 1
412 12199269 2
242 5094485 1
469 5157156 2
230 416760 1
96 45197085 1
120 120736906 1
216 127780441 2
196 121541225 1
308 210645691 2
123 2998389 1
246 8602479 2
436 219637 1
92 4601189 1
184 5922846 2
276 15364788 3
230 26638 1
120 146949128 1
196 75309174 1
112 49392306 1
432 69031503 1
227 31239 1
201 26377 1
402 57072 2
227 33555472 1
92 48505239 1
137 84402 1
229 53930090 2
201 452000 1
402 1616060 2
96 14771023 1
188 20223068 2
131 7882456 1
195 691368 1
96 313214536 1
206 25144 1
412 52767 2
96 17640090 1
192 55105387 2
227 21371 1
120 6883144 1
212 46227299 2
212 1123262 1
123 65977034 1
150 23475267 1
123 2774380 1
246 2864307 2
112 984641 1
224 1022366 2
201 68737 1
314 12366577 1
600 12600452 2
92 3683570 1
112 38557099 1
204 44835288 2
239 23996582 1
112 10085501 1
201 11525555 1
402 12043745 2
230 29704 1
375 119628358 2
239 2682839 1
224 1676631 1
241 10612183 1
212 9695127 1
88 24555 1
182 29873 1
364 65770 2
484 14194628 3
96 2999211 1
187 1056005 1
374 1289603 2
228 11015 1
112 33152 1
428 12429 1
123 8263 1
246 25319 2
369 41425 3
461 57989 4
92 29039484 1
184 32029261 2
276 32584985 3
92 11435119 1
1344 47536 1
195 31365 1
390 1085689 2
241 1394731 1
201 156560 1
230 39989 1
135 2761842 1
137 9300 1
227 14191 1
357 57018 2
116 146733 1
60 76280 1
436 73600 1
112 9462 1
241 10543 1
136 10872 1
123 37729 1
116 9874 1
88 12638 1
194 16948 1
331 50839 2
80 12229 1
123 13854 1
92 28795 1
92 28998 1
92 173356 1
184 5356805 2
276 5388437 3
104 97727 1
208 141101 2
104 9211 1
241 40536 1
482 90371 2
709 83581071 3
196 68615437 1
241 2914055 1
436 2966351 2
631 51562163 3
228 23677334 1
216 7617021 1
181 16694623 1
362 16742825 2
432 168485990 1
92 48505519 1
112 622699996 1
120 4077772 1
228 8957935 1
123 39068 1
246 5564959 2
123 13729 1
92 22559949 1
184 26876778 2
276 30496350 3
227 27837536 1
120 21454 1
96 65048830 1
227 14174422 1
88 35707867 1
195 6297342 1
390 6353483 2
92 54556492 1
227 13500495 1
181 28907 1
112 38213 1
224 76717 2
336 97136 3
100 11375 1
158 11225 1
194 16819964 1
230 769017 1
120 94683939 1
112 12349320 1
92 20056353 1
92 50589680 1
92 63256808 1
168 38397940 1
241 26178298 1
436 26277573 2
631 26350259 3
230 30929 1
60 29761904 1
96 4951832 1
192 28410665 2
137 4595156 1
227 14284967 1
60 68990040 1
123 36738121 1
246 40490200 2
201 41125 1
402 105237 2
525 57934593 3
92 4613083 1
88 12275454 1
200 20056 1
112 13899552 1
204 13953552 2
60 7614934 1
96 1595009 1
196 53695561 1
308 68822561 2
88 26624901 1
195 690252 1
390 1014613 2
92 16988708 1
172 89857334 2
227 43894590 1
182 26577 1
364 55359 2
181 39472 1
362 87248 2
92 5786616 1
116 372329061 1
532 149828 1
123 13659 1
246 72066 2
104 88637023 1
92 10037719 1
184 10092180 2
276 15454469 3
368 15490769 4
460 15508807 5
96 19003607 1
228 25207475 1
361 61731465 2
227 30966 1
88 70722474 1
176 70769524 2
92 17230368 1
182 48354 1
364 95756 2
181 16953 1
228 49276494 1
120 59625068 1
196 19957197 1
96 19193540 1
92 55049546 1
137 65863247 1
92 47014521 1
184 51019177 2
92 45543781 1
192 10196 1
200 8850 1
227 5924620 1
364 11771605 2
452 16895528 3
92 42295161 1
181 83287 1
362 132029 2
454 10073415 3
92 178486549 1
120 6784951 1
380 34358375 1
117 5375615 1
117 38753 1
234 87596 2
351 23552054 3
242 11686487 1
390 38979613 2
357 7431906 1
212 5714005 1
168 32879 1
336 65479 2
124 8557 1
96 11822 1
96 18083 1
387 5313236 1
767 13160312 2
195 10792089 1
390 10854678 2
432 27880 1
227 4247200 1
227 16941250 1
92 26447 1
184 4868889 2
276 59401356 3
368 95641723 4
138 11577699 1
200 27905 1
196 8610025 1
194 16735 1
194 20377 1
196 8586537 1
539 47770868 1
195 32400 1
390 88397 2
120 135737 1
92 2571572 1
92 129398960 1
112 28591096 1
120 27714 1
241 74913830 1
227 65282682 1
228 44177105 1
195 30843 1
390 63859 2
510 26211277 3
123 11575913 1
92 10387625 1
184 20981752 2
276 26177433 3
432 8307845 1
230 289271 1
241 4360449 1
227 15796005 1
228 4173911 1
96 21331575 1
196 21759 1
230 40010 1
96 21786 1
120 64935418 1
239 65122574 2
351 65331202 3
92 107224017 1
120 30019720 1
188 141046131 1
137 121108741 1
229 176924712 2
92 16425247 1
1344 376875 1
196 5322240 1
125 62538706 1
130 75389025 1
432 123570 1
123 251962 1
219 62364033 2
311 62981608 3
230 21941 1
96 8864556 1
150 17489 1
96 10840075 1
112 302635 1
1320 3108918 1
2640 4146032 2
3960 5397934 3
5280 8062883 4
6600 8477298 5
92 98398145 1
123 35756724 1
246 39056144 2
369 96169860 3
461 152693230 4
92 8543832 1
195 24132 1
390 1790164 2
285 2340516 1
512 6186484 2
88 58285255 1
228 14066398 1
196 14151749 1
188 70632639 1
227 22111819 1
196 30519470 1
206 10919971 1
412 10979067 2
227 8722330 1
241 410507 1
437 30224204 2
181 2098489 1
362 2136009 2
244 18544 1
440 47112 2
120 23055125 1
96 19996034 1
196 7123459 1
227 20040762 1
230 102128052 1
120 18839075 1
123 20917 1
246 4567446 2
369 23741860 3
120 10918423 1
92 10320024 1
184 13523422 2
276 21464930 3
368 85201254 4
460 88984459 5
120 49064088 1
92 51941173 1
239 2798863 1
227 1481600 1
196 86685522 1
192 20992 1
196 45530 1
392 104207 2
92 13784750 1
241 21537 1
227 4834598 1
364 63457174 2
476 63503707 3
201 27426 1
402 64959 2
598 47038607 3
285 76107976 1
497 82608285 2
196 1652830 1
92 39237996 1
241 19195812 1
436 19515420 2
631 19757919 3
285 23253599 1
196 29781721 1
392 29956410 2
96 264924 1
92 51788662 1
112 20376048 1
212 6572814 1
432 86059874 1
120 5722188 1
123 25912194 1
92 70219088 1
184 75137564 2
92 7194576 1
120 388536 1
120 60256596 1
96 2003303 1
187 858495 1
374 2322129 2
92 35280323 1
201 31178 1
402 2200251 2
112 1634861 1
100 6536718 1
92 54780641 1
120 22461912 1
120 94806 1
241 40376582 1
480 55515627 2
182 157470 1
364 220585 2
195 1729269 1
390 6943126 2
228 7918525 1
200 36401547 1
123 21022 1
246 48697 2
369 70138 3
492 119854545 4
194 9225 1
96 20351586 1
92 2375937 1
184 5171803 2
241 50081 1
436 95172 2
631 133470 3
228 9991366 1
412 121537025 2
556 148253075 3
96 51169537 1
192 53160315 2
112 51036219 1
88 18066254 1
96 19986 1
196 10227 1
228 16026 1
201 441738 1
402 862761 2
598 26746948 3
735 29124118 4
227 5801601 1
421 7337922 2
517 7830397 3
92 22708 1
181 290923 1
362 350358 2
92 18162095 1
92 49860697 1
201 960299 1
402 1156913 2
230 362988 1
60 5581100 1
196 3007143 1
96 17997312 1
92 14923447 1
168 44993 1
336 78905 2
112 5466320 1
216 49329950 1
123 37504918 1
246 40234234 2
338 55598244 3
195 1666479 1
390 3334860 2
92 10249574 1
227 8775397 1
445 11164849 1
890 30135239 2
405 1223805 1
228 6603059 1
96 10252009 1
192 13257001 2
92 57827244 1
227 50241141 1
120 44919551 1
92 8566459 1
241 1838087 1
96 34137219 1
120 8838908 1
92 74354946 1
181 22449755 1
362 22858141 2
130 34128672 1
222 101907969 2
314 137499657 3
96 16361913 1
92 27958 1
80 790516 1
212 9963 1
330 34492 2
192 292769 1
182 1530715 1
364 1587624 2
216 22461155 1
416 98697641 2
196 8447502 1
123 3717345 1
246 8540522 2
92 12957655 1
184 13011472 2
276 19755085 3
241 4180385 1
88 28107 1
88 27035462 1
96 65142643 1
212 192700794 1
100 18767792 1
192 121747150 2
92 48374612 1
239 3559270 1
181 459153 1
362 2048819 2
200 18707121 1
396 84155460 2
533 88237661 3
625 141426196 4
92 118175 1
206 38362904 1
412 38411059 2
96 139199275 1
92 42499092 1
60 156453 1
196 37801822 1
296 63255251 2
392 75183740 3
488 76322561 4
195 1539515 1
332 14142831 2
168 494352 1
336 531252 2
504 615617 3
92 15844689 1
123 20106580 1
246 22397537 2
194 15900501 1
317 42734868 2
195 1138725 1
92 66294245 1
88 12127790 1
96 9244725 1
192 30715958 2
88 4005216 1
239 8598930 1
150 203137 1
112 6379137 1
224 6423198 2
201 11518 1
402 479540 2
158 155863 1
239 1889761 1
435 58227110 2
631 82189738 3
200 411826964 1
120 52087234 1
195 256990 1
390 508716 2
112 74122770 1
241 19208646 1
436 19349471 2
631 19893817 3
182 13290584 1
364 13358765 2
96 2171119 1
145 13447743 1
241 29377276 2
192 58677066 1
384 60794732 2
196 58081 1
377 6654837 2
558 6709214 3
96 26466 1
96 26915795 1
96 34206847 1
227 3554746 1
123 5753124 1
246 7810404 2
369 27724990 3
461 34429195 4
553 178638308 5
645 188870579 6
737 191195649 7
829 198034955 8
182 281069 1
364 3170803 2
460 11730758 3
120 37577 1
196 76923689 1
320 77054499 2
116 62929341 1
124 42503272 1
227 9816235 1
92 27947630 1
96 11238200 1
137 5122665 1
229 57140755 2
181 11748 1
362 45576 2
182 32282 1
364 67839 2
501 10116601 3
92 48941858 1
432 4433685 1
804 44745488 2
60 20225998 1
143 350484 1
196 12448976 1
92 77126573 1
92 49351354 1
92 1376824 1
182 1042442 1
364 2233383 2
123 114719752 1
246 148190740 2
369 155068440 3
92 61329189 1
184 128475429 2
276 135361913 3
184 22835 1
276 89652653 2
96 7821457 1
200 18541 1
60 16666295 1
112 14567826 1
124 17081554 1
124 23939920 1
206 402207 1
412 2030226 2
239 5027415 1
432 15464833 1
194 6192149 1
338 96094345 2
418 144842101 3
112 6779539 1
200 7273793 2
112 15510570 1
181 28447 1
362 1136682 2
196 39162727 1
196 1375595 1
285 9918096 1
227 9838866 1
230 341614 1
112 22325631 1
195 1858771 1
390 4722122 2
228 11388179 1
227 52340695 1
123 74078210 1
246 78173331 2
369 82240915 3
492 102617396 4
92 3846109 1
184 9331731 2
112 301814 1
212 63942104 1
132 4303639 1
252 90811731 2
344 417076468 3
88 103253535 1
124 58228167 1
242 360846 1
120 58585234 1
188 19334 1
96 19512407 1
120 83444108 1
240 98767111 2
432 96700892 1
120 52323267 1
120 73134935 1
240 100235873 2
432 48030427 1
120 20912796 1
181 29662 1
362 2415596 2
120 12539385 1
240 33552616 2
432 12153882 1
96 17725843 1
120 10661382 1
92 48386993 1
120 3969634 1
120 10405981 1
120 10154284 1
240 37433869 2
360 38426518 3
480 45051517 4
436 2164818 1
868 21258789 2
432 18923675 1
864 24451537 2
1296 24901291 3
120 2090009 1
240 6062716 2
360 36907800 3
420 42719695 4
96 21854559 1
156 32444272 2
432 14346972 1
196 1181057 1
195 1129764 1
96 1939706 1
120 4296821 1
240 4985207 2
332 28470403 3
120 2432261 1
206 710632 1
343 18406672 2
435 68970294 3
432 6507268 1
436 1477845 1
168 327895 1
336 372624 2
504 389147 3
120 12725423 1
120 3344250 1
240 7149111 2
120 25610734 1
241 2947816 1
120 22990857 1
120 3596682 1
240 67827029 2
432 41373983 1
120 3211393 1
240 6743815 2
360 16185687 3
112 30208686 1
432 20351473 1
120 6277444 1
432 1349904 1
120 58316 1
240 6278935 2
120 18591585 1
240 33024213 2
123 1016948 1
96 16785803 1
120 16884993 1
240 18426584 2
360 20276055 3
227 4055567 1
432 109450 1
436 1690731 1
120 1977153 1
120 9718724 1
232 18646778 2
120 4200274 1
240 4756902 2
360 12640089 3
432 25625638 1
436 12223575 1
868 14256306 2
432 2231620 1
120 4498002 1
120 14717027 1
240 57465306 2
360 78067498 3
120 11453795 1
240 12749975 2
360 16331087 3
480 49582229 4
600 49639273 5
720 50560275 6
432 63494388 1
436 10507131 1
872 13004332 2
120 6122166 1
436 675093 1
120 13823634 1
240 17119112 2
357 43214063 3
96 30551 1
432 4913115 1
120 16304150 1
240 18616687 2
432 11799394 1
436 6238284 1
868 37837703 2
120 2822775 1
181 13981394 1
362 15353864 2
120 1899643 1
120 30052053 1
432 517728 1
120 10827009 1
240 33735419 2
120 33908565 1
436 20193745 1
868 33018178 2
120 22488929 1
201 40578 1
120 13974868 1
284 194027 1
480 1980783 2
120 11094931 1
240 29433574 2
120 29132391 1
240 32614735 2
436 71076461 1
432 35501177 1
120 1068202 1
240 40252506 2
360 113672451 3
432 47093758 1
120 16901393 1
120 35772854 1
240 41978571 2
360 45755461 3
480 47125164 4
96 1965242 1
432 22139962 1
864 24195995 2
432 9748318 1
120 41699008 1
120 43477902 1
240 53963408 2
360 57880248 3
120 1684434 1
241 4225551 1
230 381989 1
436 4108298 1
120 2943738 1
112 7824520 1
123 4098722 1
246 23683330 2
120 39653747 1
120 13692981 1
240 28347947 2
92 9227128 1
184 9278074 2
276 16363981 3
436 17406429 1
120 27609463 1
240 46196966 2
120 23082 1
240 12076654 2
360 20740269 3
480 23484234 4
600 28263464 5
120 21691194 1
432 14763420 1
864 28548619 2
432 891036 1
120 4804048 1
240 27970757 2
436 60406735 1
120 10253853 1
240 10306780 2
360 46447103 3
480 66978215 4
432 3333460 1
120 1483280 1
240 3925966 2
360 10106038 3
480 13166694 4
600 27013105 5
112 38398 1
432 14058323 1
436 427803 1
872 2192823 2
241 10864312 1
120 1990846 1
120 4828109 1
120 30316914 1
120 18036855 1
230 1203224 1
120 15799627 1
240 28126264 2
360 52719982 3
120 1727548 1
212 19037142 2
120 3938914 1
206 840004 1
412 875006 2
96 5889685 1
120 2838814 1
436 19079 1
227 33567617 1
120 22160202 1
240 26882028 2
360 30389542 3
480 31940491 4
600 61680194 5
432 12862855 1
864 23722940 2
120 22043 1
120 23863 1
120 53116 1
120 79309 1
240 102441 2
360 118306 3
212 8634 1
120 6225 1
240 21293 2
336 37255 3
60 9217 1
120 7070 1
120 94846 1
240 119956 2
360 133910 3
60 11523 1
112 9691 1
92 24963 1
432 8753 1
864 33166 2
92 10002 1
436 29654 1
872 81921 2
432 16592 1
436 14175 1
120 14347 1
240 44270 2
168 20486 1
336 44216 2
428 1639751 3
120 2508391 1
240 7227135 2
360 24605988 3
480 24641860 4
600 24658731 5
696 24674333 6
432 34448 1
864 87410 2
1296 117602 3
1728 155646 4
201 30340 1
402 63344 2
436 21488 1
868 3511532 2
120 32686978 1
240 57318235 2
360 57360635 3
432 6800076 1
120 26604402 1
240 26640841 2
360 35228741 3
480 41209282 4
123 15581574 1
432 37510340 1
196 11208873 1
436 9762 1
120 13256519 1
240 13301389 2
120 7835217 1
240 134537855 2
360 134611242 3
92 37034 1
436 3758444 1
868 3794815 2
436 22167 1
120 19591 1
240 51223 2
360 70103 3
480 88204 4
600 115340 5
120 513348 1
432 14924303 1
436 25770 1
120 21595 1
240 62871372 2
120 22963 1
240 74195 2
436 53338 1
120 40433 1
399 30609901 1
120 9717 1
227 11953398 1
228 7929481 1
436 21877 1
92 16339103 1
120 11890012 1
240 13468981 2
432 58854848 1
120 138229737 1
201 1297365 1
402 1340121 2
120 30616599 1
241 7673024 1
480 46894426 2
120 10314217 1
239 2317343 1
427 26842924 2
112 327271 1
120 5400148 1
96 13947058 1
120 30738631 1
120 35788348 1
240 72281239 2
360 74478233 3
480 77399829 4
596 86501669 5
432 2328294 1
864 39033351 2
120 4627979 1
120 15657121 1
120 7292559 1
240 48003435 2
432 15092906 1
120 7075701 1
240 8765906 2
360 10752855 3
120 18199123 1
120 24058757 1
432 1184760 1
432 3527875 1
120 17134413 1
240 18987516 2
120 10557615 1
236 13924223 2
120 12027252 1
120 1320860 1
432 16812638 1
864 32541964 2
1296 37284141 3
120 21851419 1
436 216763 1
872 9842119 2
120 21825578 1
240 23732676 2
360 25589466 3
480 34708405 4
600 45191890 5
201 328969 1
402 3217032 2
120 2324881 1
120 1931542 1
240 7483749 2
360 14324119 3
112 362465 1
193 5417980 1
343 5461310 2
436 1179155 1
120 4644749 1
436 4887314 1
206 892557 1
412 946037 2
535 28724365 3
658 29921747 4
781 35650865 5
120 1606377 1
120 9873581 1
240 21694192 2
360 29328335 3
480 31208249 4
600 40757638 5
720 48927125 6
840 54321844 7
432 990779 1
120 28556593 1
112 32937036 1
92 3625785 1
184 10223927 2
432 4288575 1
432 5672202 1
432 7502362 1
120 10353833 1
240 24121832 2
120 34490210 1
240 37522679 2
360 37576814 3
112 435168 1
120 11010553 1
240 41909426 2
360 48274383 3
120 4709682 1
536 317739 1
120 3491043 1
436 3057434 1
432 6012843 1
120 3492407 1
436 4821709 1
872 5707768 2
1304 14378878 3
436 30684391 1
120 963085 1
240 3390194 2
360 16569010 3
200 21188 1
195 4340135 1
390 4398183 2
486 44173998 3
181 177180 1
362 11456736 2
120 4410445 1
120 25710936 1
120 6543781 1
436 2543859 1
868 39080471 2
120 2546823 1
240 23599350 2
360 58828825 3
120 17695043 1
432 22195556 1
120 4839889 1
196 21843975 1
188 267425 1
112 7285541 1
193 39418 1
343 80127 2
96 24444 1
432 9807602 1
137 54263282 1
120 1862834 1
196 6044183 1
120 6435546 1
216 8424070 2
436 32591 1
120 1978141 1
120 11077343 1
120 74148077 1
432 18416195 1
864 36605317 2
195 68031 1
390 141909 2
182 38864 1
364 88645 2
228 4998051 1
120 2730404 1
240 7065904 2
360 26288277 3
120 4488551 1
240 8970390 2
360 40905118 3
480 78110987 4
600 78160102 5
720 101540992 6
432 19577 1
864 6447228 2
1296 42454334 3
432 14812 1
436 7709066 1
868 22233547 2
120 4856248 1
92 39728 1
92 53386111 1
120 4074230 1
240 50087698 2
360 95521947 3
480 117227448 4
196 16690 1
120 11010838 1
436 42498 1
120 38551012 1
240 38629938 2
436 29249510 1
120 9743917 1
96 8748932 1
196 12980331 1
120 122446 1
182 23779 1
120 95802 1
240 17876723 2
196 29758175 1
120 6965711 1
432 21595 1
436 21536139 1
120 13377714 1
168 34111 1
336 78391 2
504 107013 3
120 7884294 1
240 18136080 2
120 7998857 1
240 13998038 2
120 3869990 1
240 17581741 2
432 15230904 1
241 21379 1
432 14785175 1
432 16637848 1
120 24524526 1
240 51688503 2
120 9024969 1
240 28154763 2
360 29614499 3
112 51384185 1
120 12794857 1
240 17700339 2
432 25708 1
864 2199202 2
120 1749681 1
120 8932440 1
240 15307797 2
436 12434642 1
808 14672041 2
436 18664 1
872 22517376 2
432 10383731 1
92 57689087 1
120 20828 1
232 2513652 2
120 15978721 1
92 5750824 1
436 259220 1
872 427291 2
1308 17614193 3
120 7503773 1
120 3532343 1
240 3594920 2
360 12007974 3
496 382674 1
120 22366997 1
240 31691333 2
360 32572916 3
361 3666885 1
120 15641253 1
112 574921 1
224 69950079 2
120 21456400 1
240 23295767 2
360 27045235 3
144 8253 1
120 14328171 1
120 7728057 1
120 6616045 1
232 42217646 2
436 6814728 1
868 39003628 2
120 6322921 1
120 9338645 1
240 16875472 2
88 171174 1
120 14494690 1
436 14769546 1
120 13582613 1
432 7827111 1
181 11363646 1
362 11797405 2
120 43826427 1
432 15795452 1
120 18836187 1
120 1671313 1
240 28655606 2
360 28826557 3
480 39997206 4
432 9004330 1
120 4095833 1
432 21963 1
864 10348074 2
436 24832 1
120 10279390 1
120 11021184 1
240 18483151 2
360 20179001 3
120 10738186 1
120 28221858 1
240 38047151 2
360 68694094 3
120 43550253 1
240 44915590 2
360 70068343 3
432 7668358 1
432 20928 1
120 38124600 1
120 4530702 1
240 25626972 2
432 23697188 1
92 1199522 1
120 9735978 1
240 22784059 2
120 15420720 1
432 12728491 1
120 15021008 1
236 15371795 2
120 34330660 1
112 16439038 1
436 2173971 1
120 1861009 1
120 10114197 1
240 27873852 2
120 9582683 1
212 37876141 2
120 3699485 1
182 24536 1
364 76346 2
120 4588530 1
195 365835 1
116 9121592 1
228 17154162 1
120 42383333 1
120 45481641 1
240 46916758 2
360 53411789 3
432 6657712 1
432 2973451 1
120 1776410 1
432 27472149 1
123 41730 1
246 13643092 2
123 10030398 1
120 13775166 1
216 19432417 2
120 41917446 1
240 43366750 2
92 3323678 1
184 14977411 2
120 19236869 1
120 2860284 1
432 20349136 1
436 432108 1
432 4831102 1
120 364677 1
120 3881737 1
96 22704463 1
120 42389668 1
240 46099253 2
120 15893 1
120 1304097 1
240 10740554 2
195 400127 1
390 1572691 2
436 172192 1
88 16609 1
120 9052267 1
240 11372125 2
120 4124821 1
208 12213513 2
120 6880607 1
240 38422901 2
360 41331065 3
397 15609756 1
432 1654486 1
120 3273828 1
436 22538043 1
120 1670231 1
216 11834921 2
120 22046566 1
120 8598034 1
432 1614852 1
120 7281952 1
216 19116054 2
120 5483630 1
236 26468944 2
432 20920 1
436 37693673 1
120 4244888 1
120 3903932 1
240 10890708 2
120 2058977 1
120 18768934 1
240 22021508 2
228 5576688 1
436 410698 1
120 2632500 1
240 21133351 2
120 1857374 1
436 5911059 1
120 5190656 1
240 17050553 2
360 18639524 3
120 12015564 1
120 1420800 1
200 852409 1
120 11048986 1
432 13539205 1
227 15451679 1
120 61814467 1
120 12157865 1
120 35001 1
212 9463815 2
120 10693593 1
120 10022915 1
228 9428283 1
120 17749669 1
240 37299339 2
360 39564442 3
120 26613 1
181 3795730 1
120 1910561 1
432 47397 1
864 20009766 2
112 11235076 1
120 16546644 1
1320 462042 1
2571 3901330 2
112 1026130 1
120 35307240 1
112 16071964 1
120 94795 1
120 21670 1
120 2746197 1
120 15830128 1
436 16472 1
92 13809960 1
120 3395086 1
240 3441673 2
432 5654149 1
120 22931144 1
216 23986958 2
432 60713535 1
120 1188171 1
240 6713900 2
360 40090983 3
436 502402 1
120 603183 1
120 989858 1
240 36524490 2
120 7080069 1
120 3985930 1
240 27454722 2
123 3108913 1
432 4040758 1
92 36859 1
120 8573567 1
80 5372258 1
160 5696034 2
120 17314194 1
240 26691148 2
120 33262380 1
240 38421601 2
120 2270810 1
240 11341951 2
360 16623011 3
480 21406582 4
92 15475959 1
432 5931433 1
436 2648037 1
120 4536891 1
120 1132853 1
120 7156749 1
240 22284078 2
360 34187851 3
88 12092 1
195 177040 1
390 2124751 2
120 3348486 1
120 1925492 1
228 6018585 1
120 5257042 1
120 20134728 1
240 23068183 2
360 46123907 3
120 36333195 1
436 287543 1
432 6295743 1
120 12529081 1
240 14216184 2
182 25287 1
364 304552 2
120 27930161 1
120 21351782 1
92 17763222 1
88 142171 1
120 41221946 1
120 11937922 1
120 10261971 1
436 55723318 1
868 119501479 2
120 52905295 1
120 13575315 1
240 36136554 2
360 50586703 3
195 29667 1
390 1096730 2
432 54446396 1
120 3664604 1
120 20083772 1
240 57667621 2
432 26693416 1
120 20999463 1
436 29725652 1
120 6747598 1
240 29830343 2
432 16313202 1
120 28057616 1
240 47242428 2
360 48945752 3
432 8817621 1
120 1496729 1
240 3384675 2
360 28038700 3
436 503845 1
120 1917618 1
432 2980718 1
864 29606878 2
120 16347599 1
240 38075151 2
200 301158 1
400 1615851 2
228 5694070 1
120 5908891 1
96 29874114 1
188 55142143 2
436 4595639 1
120 1337213 1
240 18846883 2
360 56840893 3
480 58446766 4
600 93812743 5
720 96078066 6
812 121914482 7
436 314453 1
120 7052131 1
120 7040322 1
432 51174273 1
120 2576073 1
240 33973857 2
360 36633311 3
480 42767530 4
432 33514865 1
864 41372751 2
96 24570074 1
120 3596642 1
120 858419 1
123 4062420 1
120 10642531 1
240 12657021 2
432 17392716 1
92 11016503 1
184 11163283 2
276 21095468 3
120 1315617 1
436 2548874 1
120 1223935 1
195 27385 1
188 24027327 1
120 31676192 1
240 32761159 2
360 46601080 3
120 7236821 1
240 17768151 2
436 16470 1
872 12252384 2
120 11086975 1
240 32992267 2
360 51315435 3
480 54091855 4
600 72007208 5
720 76406571 6
432 19209157 1
864 30782134 2
120 2679795 1
120 19453207 1
120 6063959 1
240 51340990 2
360 79816614 3
436 40661864 1
868 58642345 2
432 25467077 1
120 9420723 1
240 37863116 2
360 44808891 3
120 28514339 1
120 62909258 1
216 96898016 2
120 4671140 1
120 20330 1
240 13031598 2
120 32324613 1
432 10523174 1
1344 850189 1
2688 893240 2
120 6414477 1
181 391063 1
362 2255542 2
120 15046277 1
228 7252205 1
432 6095829 1
800 12587871 2
92 14217688 1
120 13770550 1
120 23893651 1
120 7298805 1
240 30727244 2
120 2653470 1
240 31064573 2
360 39876846 3
480 53451828 4
600 57104593 5
96 2730565 1
436 12717 1
868 3205105 2
1300 10689531 3
1732 30934833 4
120 376860 1
120 13568302 1
240 13612276 2
96 4114966 1
120 14182395 1
240 29260558 2
120 16483 1
432 28756869 1
436 2496034 1
120 11384819 1
240 12436901 2
436 21099 1
181 2401746 1
120 2091062 1
240 5287961 2
360 11092454 3
436 30934567 1
120 21301852 1
216 23816368 2
120 11352613 1
240 34995285 2
360 40171488 3
480 44429904 4
600 53775429 5
432 11543339 1
116 23553 1
196 13494916 1
60 5769632 1
196 16231909 1
123 41129 1
120 41854344 1
240 42876296 2
92 407804 1
436 369098 1
112 15410934 1
228 20814846 1
120 570544 1
240 22647332 2
360 42108003 3
184 30243 1
280 62823 2
376 93303 3
248 32210916 1
120 34822687 1
212 106567657 2
120 15565 1
432 9817261 1
120 9685894 1
432 9633930 1
92 35685 1
120 25682518 1
123 1739293 1
123 29343515 1
92 4434924 1
188 30431 1
241 30154 1
96 391603 1
112 47380 1
432 30736883 1
120 7349914 1
436 5400015 1
120 2496387 1
240 4320441 2
360 8595031 3
480 17474576 4
120 25665077 1
436 11089198 1
868 72052878 2
120 5290013 1
240 31621564 2
150 585481 1
112 4555800 1
224 4592716 2
120 3167139 1
240 9689995 2
360 29885324 3
456 38668610 4
552 39059696 5
365 12207729 1
229 74917 1
387 346964 2
432 2911420 1
120 21336638 1
240 24862615 2
120 44710891 1
120 16489911 1
240 18141796 2
432 3087395 1
864 20142107 2
120 15091737 1
240 67550011 2
432 4858835 1
120 20555104 1
240 46489143 2
360 72536258 3
480 76546099 4
120 17335970 1
240 29342675 2
360 34392892 3
120 15225149 1
240 48069578 2
436 3115104 1
432 3462784 1
864 5415175 2
120 4007357 1
240 5837415 2
120 25689690 1
240 50938759 2
360 63481460 3
480 91975683 4
120 8501913 1
120 346493 1
240 81209610 2
360 94046590 3
195 29915 1
390 64064 2
436 187539 1
120 2201356 1
120 7481118 1
240 8995501 2
120 4010832 1
120 12368967 1
120 5228213 1
120 3090644 1
120 12725946 1
120 3647956 1
436 2151511 1
120 15492896 1
240 16826776 2
360 18763058 3
480 47540698 4
600 57231286 5
720 58779028 6
432 8645736 1
120 1040296 1
240 23802646 2
432 1191933 1
120 1664439 1
240 19682073 2
360 57915219 3
480 60236429 4
600 66125298 5
432 10910008 1
864 30151625 2
120 6011333 1
120 151689 1
120 16009048 1
120 40735000 1
436 201834 1
872 34418226 2
120 3079361 1
240 37686677 2
360 40428531 3
120 6766244 1
196 2503161 1
316 34787467 2
120 5834996 1
240 104832581 2
123 4210700 1
246 8238288 2
369 26478819 3
120 18452644 1
120 57407641 1
92 8088904 1
184 8658840 2
276 17865980 3
241 486384 1
181 3254739 1
362 5851482 2
432 13601761 1
120 1602339 1
120 33018036 1
232 58851057 2
120 15231162 1
240 58747091 2
436 20955240 1
432 14393853 1
120 18528096 1
240 23593308 2
360 27555825 3
480 92666892 4
432 23309040 1
120 10300018 1
240 19238547 2
360 54783811 3
480 62417224 4
432 23153209 1
120 5332963 1
240 12217014 2
360 15372766 3
436 13745182 1
120 10171149 1
232 27578169 2
120 10836341 1
120 21321849 1
120 27367521 1
92 3189408 1
432 20132867 1
120 3267416 1
120 5514467 1
120 4390596 1
240 7371702 2
360 15057231 3
480 33514066 4
600 37846369 5
120 5810217 1
432 33367 1
864 9866052 2
60 1093496 1
120 3168579 1
436 407360 1
868 19766214 2
1300 33203837 3
120 1586380 1
240 17769347 2
360 26166850 3
480 29520243 4
600 61177488 5
720 75558361 6
840 82348379 7
960 84815207 8
1072 84856665 9
1164 99042811 10
120 28113709 1
120 1589514 1
432 3606586 1
864 10784199 2
182 39519 1
120 14266603 1
240 33630039 2
432 862219 1
120 8687735 1
240 75147306 2
120 15135290 1
240 24783421 2
120 18605166 1
240 21402562 2
432 9114822 1
120 1788264 1
240 6876292 2
436 24336745 1
436 22639 1
120 5895291 1
240 10293519 2
120 17585861 1
120 25771048 1
432 11995429 1
120 9231181 1
240 21057962 2
360 24843582 3
480 28908502 4
600 32176061 5
720 38159093 6
120 9489406 1
216 35569334 2
436 13879 1
120 1013807 1
120 1878548 1
432 34466223 1
120 2532170 1
240 24674876 2
336 45578947 3
120 4908141 1
432 6119048 1
120 11615498 1
432 12067149 1
864 21420208 2
436 9640521 1
120 11014053 1
240 24447664 2
120 7206752 1
240 14010672 2
360 32254032 3
480 42921231 4
600 54700990 5
168 21359 1
432 957843 1
864 16028117 2
389 12798028 1
120 18055429 1
240 23953154 2
232 6963264 1
120 44804 1
240 7812028 2
360 51203305 3
480 73051649 4
600 80028588 5
436 22241 1
123 39886 1
432 4143566 1
120 36972 1
120 1167405 1
432 14437604 1
864 35271102 2
92 3817731 1
436 21070 1
112 21059627 1
120 10776739 1
120 110903 1
240 10343951 2
360 12516221 3
480 16295817 4
600 19052641 5
696 28681514 6
120 22170208 1
88 19347841 1
120 11756 1
436 1386252 1
120 1826538 1
240 5557824 2
360 7248175 3
432 4635503 1
112 16383879 1
436 19237 1
872 11551106 2
120 11546517 1
240 13777165 2
360 18031553 3
480 46254517 4
389 5377685 1
195 33731 1
387 5736395 2
120 19570862 1
432 19191669 1
864 26577303 2
120 45701760 1
120 10980654 1
120 16445366 1
120 9950392 1
240 49517387 2
120 9274307 1
240 13444330 2
360 64736698 3
436 11947256 1
868 59136123 2
1300 69263001 3
120 11545710 1
212 26956449 2
436 49881678 1
120 27734741 1
159 31786383 1
120 6576782 1
240 10081040 2
120 40899006 1
436 335511 1
120 2476575 1
120 63991622 1
120 3763426 1
120 25696656 1
120 87005691 1
240 96411808 2
360 113351293 3
181 338742 1
362 539771 2
120 18597800 1
120 15227387 1
436 17647748 1
868 44141126 2
120 12073264 1
112 7275743 1
120 5069780 1
240 10772270 2
181 1796849 1
120 1586219 1
436 22752058 1
116 14228 1
120 6199343 1
432 4079180 1
120 17641193 1
240 32931349 2
432 38108957 1
112 1263620 1
120 28954828 1
201 27338 1
402 61082 2
120 26457546 1
240 30123456 2
360 39905753 3
432 1731360 1
864 11598344 2
120 5410287 1
240 19590887 2
120 10850796 1
240 22231672 2
432 9301823 1
432 4815360 1
123 4257310 1
246 7684367 2
112 3227833 1
432 4259953 1
436 12148167 1
120 11790638 1
120 14004088 1
240 24088570 2
92 9371698 1
184 9756657 2
432 10954064 1
120 22580 1
220 1795212 2
195 286490 1
390 1412332 2
120 6135845 1
240 8276081 2
360 30677291 3
120 2009402 1
240 3339039 2
436 24072 1
872 66379 2
1304 13633209 3
120 21253 1
436 419162 1
96 4961286 1
120 2416254 1
100 9761901 1
120 21496173 1
240 28079765 2
1344 395071 1
120 20031652 1
195 36667 1
390 69004 2
100 36862 1
200 81602 2
300 4138499 3
120 3969210 1
120 6044025 1
230 238177 1
436 350636 1
196 138133 1
1344 465341 1
1344 169564 1
1344 52622 1
1344 28875 1
1344 26166 1
120 2024033 1
120 14388853 1
120 9699228 1
240 19489172 2
120 37775238 1
92 19108 1
92 95623 1
120 5308625 1
432 839008 1
104 15413 1
513 1896894 1
120 5521428 1
1344 282158 1
120 19114873 1
120 8241532 1
240 38751901 2
120 2044889 1
240 5099404 2
360 14476833 3
480 71776261 4
600 83312073 5
692 86160178 6
432 14343315 1
864 25518022 2
436 1524529 1
120 3285979 1
240 34951696 2
360 42029152 3
120 47772522 1
227 7467492 1
432 3527111 1
864 9521233 2
120 27365 1
120 4212363 1
120 6757092 1
436 4541319 1
868 14097472 2
96 6121371 1
120 4736375 1
240 13793815 2
360 15505269 3
120 7463648 1
120 1655986 1
120 23587684 1
240 39648603 2
436 233455 1
868 16486909 2
120 1589195 1
120 5615559 1
240 18515455 2
360 24584486 3
480 38117970 4
600 39921190 5
432 10476718 1
432 19851654 1
864 30207515 2
432 9193221 1
120 3838377 1
120 42821 1
240 22916907 2
120 2765837 1
120 15019202 1
92 360358 1
184 2143587 2
276 2331988 3
120 7307993 1
120 1751010 1
92 3902209 1
436 977674 1
872 42428959 2
1308 42488977 3
120 1925351 1
240 40668313 2
360 42433094 3
120 19870859 1
120 58502207 1
212 67809675 2
432 11484241 1
120 1890563 1
120 28876232 1
120 11798546 1
216 27155125 2
432 23203294 1
864 31628402 2
432 18978852 1
120 9524 1
240 44278984 2
360 122274174 3
480 123842945 4
600 128552116 5
123 314859 1
120 7947791 1
228 962950 1
92 3222310 1
112 52279115 1
120 481518 1
120 3540492 1
436 207228 1
868 5194183 2
88 4908480 1
120 2123598 1
92 127359012 1
201 3549434 1
402 3627973 2
120 15187139 1
227 2300321 1
432 23201088 1
96 45072854 1
120 44657719 1
195 27052 1
390 58705 2
120 16988 1
240 259694 2
120 6652260 1
432 274048 1
120 28587984 1
436 20992222 1
120 10968179 1
212 30468027 2
112 17639661 1
120 9299159 1
120 6327536 1
240 25244135 2
360 25298220 3
88 23657 1
432 11225470 1
436 7446620 1
120 7867775 1
120 3400353 1
1344 217408 1
2688 264866 2
120 16833267 1
240 18853730 2
360 35105789 3
120 12209045 1
432 11321590 1
92 1195158 1
436 2214105 1
868 10571944 2
1344 138056 1
2688 413599 2
1344 24721 1
120 193956 1
120 3416113 1
240 7598402 2
120 22426098 1
201 241299 1
120 37113229 1
432 3090696 1
230 13082938 1
80 8916 1
432 23914 1
864 7922023 2
1296 14393094 3
120 6113348 1
80 18758 1
120 46055730 1
240 57514193 2
360 58936107 3
92 18522572 1
1344 354310 1
436 169900 1
120 1748613 1
240 5503483 2
120 14876912 1
436 1328692 1
872 17572884 2
120 42647270 1
240 44456318 2
432 6299500 1
120 1935861 1
240 12378942 2
96 8187418 1
120 395857 1
212 280405 1
236 19913 1
120 1846361 1
432 8129515 1
120 15338881 1
216 26552930 2
120 39499447 1
240 48350916 2
432 44549851 1
864 56837270 2
116 1371164 1
120 10453762 1
96 39045767 1
120 11169070 1
120 1412895 1
123 2227293 1
246 5096350 2
120 4900542 1
240 14575593 2
92 10868891 1
184 12308707 2
276 19044599 3
436 5418275 1
120 46331610 1
240 53475665 2
360 55060480 3
480 56833649 4
181 28744 1
362 58137 2
432 7293023 1
120 11261684 1
120 11519946 1
240 34301836 2
332 47755526 3
120 5531592 1
120 5884008 1
240 7885404 2
436 471049 1
120 8031534 1
240 11161040 2
360 38083021 3
480 40062064 4
600 54207305 5
720 56161062 6
432 31466920 1
432 10975754 1
120 4235951 1
232 8520588 2
120 43955472 1
120 201299 1
120 18420147 1
112 3878228 1
224 4277604 2
336 5843604 3
448 5872117 4
120 1663190 1
120 1880208 1
232 22703556 2
326 508435 1
158 42507 1
432 3238596 1
864 27914389 2
1296 36560582 3
120 3372948 1
436 32776379 1
872 33854668 2
120 2431464 1
240 13065082 2
432 13435954 1
120 15192866 1
240 36403399 2
112 344274 1
224 1490496 2
120 24385441 1
240 26089266 2
92 3612077 1
432 6128579 1
120 2545683 1
436 963149 1
120 9544983 1
120 3276378 1
432 4166622 1
120 7748094 1
240 16270188 2
360 24297095 3
120 39562163 1
120 2351949 1
120 59693113 1
112 20206723 1
120 22789722 1
120 46812403 1
240 84155654 2
432 11350832 1
201 1209625 1
402 1682616 2
112 11706685 1
120 5986405 1
240 7888019 2
360 40001311 3
120 62605499 1
432 2618142 1
436 20357575 1
120 20545803 1
285 13275730 1
120 31539791 1
240 51914261 2
120 8450607 1
216 28245863 2
120 73200670 1
432 28166369 1
120 4323155 1
240 8640075 2
360 15481106 3
480 22203129 4
120 21341552 1
432 10243279 1
96 5139430 1
120 23055023 1
120 1768613 1
120 10493795 1
230 146800 1
436 46930872 1
868 54979887 2
120 24562650 1
240 43280328 2
360 53095543 3
480 61492643 4
120 271955 1
240 7794328 2
120 13574195 1
120 2259876 1
240 5081705 2
120 10527419 1
240 24745050 2
123 3015060 1
432 221676 1
432 9333470 1
120 2295751 1
240 17054416 2
92 2969037 1
120 2978031 1
120 874247 1
240 2194435 2
336 10170696 3
120 35720672 1
240 55957080 2
360 56693202 3
436 24534 1
868 12702205 2
436 429912 1
868 18840367 2
120 1588964 1
240 4894321 2
361 10894179 1
120 4858349 1
240 11621025 2
360 21750453 3
480 24273817 4
600 25799332 5
436 27283 1
120 30294 1
432 11573874 1
864 14899469 2
181 376181 1
362 678966 2
120 7154735 1
120 4586217 1
240 5554071 2
360 6486275 3
480 34810165 4
120 150981 1
240 1975091 2
436 53430029 1
872 53480943 2
1308 56335922 3
120 6680429 1
240 50387176 2
120 5345025 1
240 75537114 2
356 87315169 3
80 37948809 1
195 612849 1
390 3461013 2
96 67194332 1
88 3770217 1
228 18652458 1
123 5288734 1
246 10056578 2
112 69014909 1
92 10322078 1
184 13345170 2
276 24108469 3
536 20540 1
181 263423 1
362 650896 2
120 113449393 1
220 129370596 2
132 33311792 1
252 40529795 2
92 50968268 1
196 444964944 1
333 445088858 2
196 544598 1
1344 1752676 1
2599 5964932 2
92 58393609 1
120 98154614 1
120 40354066 1
120 161159 1
241 5758767 1
437 29607243 2
152 36956617 1
304 39425112 2
456 39464348 3
608 39481278 4
760 39497478 5
912 39512492 6
1064 39527217 7
1216 39541958 8
1368 39555939 9
1520 39569837 10
1672 39583579 11
1824 39597213 12
1976 39610655 13
2128 39624102 14
2280 39638090 15
2432 39651974 16
2584 39665440 17
2736 39679194 18
2888 39692827 19
3040 39706237 20
3192 39719771 21
152 7783 1
304 21738 2
456 35295 3
608 48884 4
760 62652 5
912 76336 6
1064 90429 7
1216 104844 8
1368 129224 9
1520 142811 10
1672 156112 11
1824 169490 12
1976 190369 13
2128 204525 14
2280 219352 15
2432 233254 16
2584 247565 17
2736 262143 18
2888 276193 19
3040 289915 20
3192 304030 21
3344 2892536 22
3496 2919161 23
3648 2936140 24
3800 2951982 25
3952 2972733 26
4104 2986926 27
4256 3001768 28
4408 3016183 29
4560 3030502 30
4712 3044323 31
4864 3058148 32
5016 3074503 33
5168 3088562 34
5320 3102400 35
5472 3116660 36
5624 3130595 37
5776 3144282 38
5928 3157960 39
6080 3172176 40
6232 3185597 41
6384 3198867 42
6536 3212516 43
6688 3226492 44
6840 3239955 45
6992 3253209 46
7144 3266777 47
7296 3280534 48
7448 3294107 49
7600 3310075 50
7752 3323991 51
7904 3337671 52
8056 3351319 53
8208 3365065 54
8360 3383203 55
8512 3397346 56
8664 3411051 57
8816 3425460 58
8968 3445633 59
9120 3460371 60
9272 3474259 61
9424 3487959 62
9576 3502126 63
9728 3516296 64
9880 3530267 65
10032 3544070 66
10184 3557917 67
10336 3571899 68
230 91933581 1
239 8765899 1
432 168844316 1
120 61353268 1
123 3960130 1
123 27212522 1
215 87474952 2
124 12256761 1
216 18444073 2
308 25009082 3
92 28008324 1
124 22252200 1
120 21663024 1
124 962529 1
120 23050 1
124 1321177 1
248 6280047 2
241 4293162 1
182 8771378 1
364 9688305 2
488 25156455 3
285 1411336 1
513 2814908 2
227 2630037 1
124 158344 1
248 26363917 2
372 32788103 3
124 340339 1
124 21426314 1
248 21494292 2
365 35643528 3
482 39406033 4
599 49284305 5
124 37268 1
124 19353611 1
240 92512429 2
92 2903736 1
239 2903900 1
239 18046912 1
466 90500327 2
196 69741509 1
124 37801339 1
120 32365048 1
432 53164691 1
152 332343 1
304 1365751 2
456 1396015 3
608 1413878 4
760 1431695 5
912 1449262 6
1064 1466884 7
1216 5839016 8
1368 6150707 9
1520 6176529 10
1672 6195368 11
1824 6210597 12
1976 9454189 13
2128 10488115 14
2280 10513324 15
2432 10529645 16
2584 10544846 17
2736 13822107 18
2888 14073317 19
3040 14106387 20
3192 14131740 21
3344 17141292 22
228 99549628 1
114 322172 1
168 1058062 1
336 1103727 2
450 1132289 3
532 39888505 1
123 7952608 1
246 9379388 2
369 27352689 3
120 10181039 1
96 28593927 1
192 64526317 2
92 3982619 1
184 12194133 2
212 74632632 1
228 23079558 1
278 27508 1
189 26370138 1
210 422939 1
368 2115534 2
317 5384087 1
112 60408226 1
286 1031124 1
494 1453567 2
652 1627008 3
764 63035359 4
876 68055855 5
988 68410897 6
158 10875 1
100 6416375 1
220 125526169 1
92 36017215 1
92 69723237 1
92 39992 1
92 40590 1
92 36919 1
120 6490240 1
182 318602 1
364 508223 2
541 23075560 3
633 23238133 4
96 45749879 1
188 46901123 2
92 48306031 1
96 113725524 1
96 13811734 1
195 148582 1
390 2444813 2
92 127032 1
184 47000806 2
92 2114970 1
184 56883832 2
92 56218329 1
241 4203304 1
435 51758738 2
626 83926789 3
123 2960812 1
228 7384534 1
92 9015423 1
92 55356743 1
184 79599345 2
120 22732 1
230 957166 1
366 48196768 2
458 48544399 3
538 107090342 4
618 107220042 5
244 271618 1
440 5128337 2
96 4389297 1
96 25574432 1
195 2550312 1
390 4466784 2
228 13912653 1
182 444249 1
364 654470 2
196 1158489 1
241 3032536 1
124 33672385 1
192 51987418 1
96 49987173 1
123 5317626 1
246 9585945 2
369 27765964 3
92 244402782 1
184 244458728 2
276 244479642 3
368 244498921 4
112 70019222 1
181 920043 1
230 67781858 1
458 107816508 2
137 14959117 1
229 17419439 2
216 155960 1
242 26780 1
228 6964617 1
92 42961705 1
227 84511205 1
96 263791 1
192 18666580 2
168 21894995 1
216 12324 1
123 5453073 1
246 59354762 2
216 42877 1
192 161080 1
216 318238 1
532 18885618 1
96 144549515 1
96 20377014 1
112 4908807 1
224 5122337 2
92 27349296 1
180 55226069 2
88 107488996 1
181 32360 1
362 68724 2
230 269525 1
458 5006743 2
188 1312371 1
181 26472 1
362 55333 2
482 84344814 3
194 72850668 1
96 118359004 1
228 11941825 1
181 71121310 1
362 71773888 2
123 4709835 1
246 11101556 2
92 150228129 1
172 157709043 2
