112 4468840 1
212 4507088 2
60 26815 1
138 1186621 1
56 63936141 1
60 292582799 1
60 69787337 1
124 144332 1
196 82141713 1
320 170840906 2
444 209523647 3
196 20202245 1
196 71103244 1
196 120119939 1
114 26453 1
168 9904 1
282 26348 2
168 7675 1
336 23124 2
504 39965 3
672 55631 4
840 70787 5
954 1273445 6
168 8797 1
336 26026 2
504 42488 3
672 58410 4
840 73724 5
1008 88623 6
1176 103796 7
1344 120495 8
112 110204 1
208 1214986 2
112 31621502 1
196 19435657 1
296 28842066 2
123 16177 1
246 49216755 2
60 25416 1
92 57350357 1
92 37074 1
184 28917974 2
92 69381703 1
56 29562099 1
96 319688664 1
60 50617136 1
112 79931429 1
123 4354847 1
246 4397063 2
369 6573478 3
492 24507427 4
112 28157 1
112 47543079 1
112 99457634 1
204 170545072 2
104 61061137 1
196 5487955 1
171 40026007 1
158 7487036 1
297 69074783 2
92 39210035 1
112 216835 1
224 270846 2
336 303295 3
123 79755537 1
215 79807811 2
100 173492 1
341 9736358 1
631 9790342 2
96 7002801 1
92 26852 1
112 40438543 1
112 30210 1
92 39090 1
212 140871 1
408 306026 2
604 177880535 3
724 191858127 4
92 68647 1
123 37828 1
246 32384686 2
92 7151488 1
184 27937311 2
276 57311875 3
143 37871 1
255 84469 2
367 80511017 3
196 90265 1
392 115721556 2
92 442114691 1
123 39788 1
246 87227 2
369 169880 3
104 9152742 1
208 9195261 2
304 19635106 3
532 128422020 1
196 187854946 1
308 249797059 2
100 87294850 1
92 32422 1
212 745142456 1
332 876511915 2
96 17195328 1
96 599834840 1
196 78983092 1
196 4853457 1
392 16601655 2
588 21937677 3
780 38724634 4
196 27034843 1
196 59985292 1
392 69034803 2
60 89805493 1
192 171025 1
384 20973034 2
196 112496777 1
60 15600 1
96 60244746 1
192 168917537 2
120 437402377 1
92 120332735 1
60 34642 1
123 24340 1
246 37696222 2
369 37767930 3
492 37802764 4
615 57084064 5
707 242127737 6
799 242181800 7
891 256393982 8
983 267082397 9
1075 267152134 10
1167 267183097 11
92 246618630 1
196 118418814 1
112 40272458 1
92 28581757 1
112 21978738 1
224 22033233 2
120 38525349 1
1320 2721617 1
2640 9798252 2
3960 12064345 3
1320 16233 1
112 90513462 1
92 79130017 1
92 85949655 1
184 105492040 2
120 63743 1
180 30379233 2
240 80520415 3
92 27871 1
60 98928600 1
196 92376334 1
392 124094753 2
588 140893384 3
784 152024926 4
192 8113929 1
168 39120 1
336 83196 2
450 1274307 3
196 20639690 1
364 46001630 2
532 46043674 3
700 46060989 4
868 46077281 5
1036 47712008 6
1204 54512584 7
1318 54561675 8
168 9880 1
336 30029 2
504 50603 3
672 69921 4
840 3348114 5
124 28566 1
184 10766659 2
244 80790264 3
112 31219745 1
123 19568 1
92 4650682 1
96 36940542 1
100 143940001 1
200 150378404 2
181 24399 1
319 54581 2
92 60145020 1
124 23064 1
244 82881463 2
124 44110 1
184 39635061 2
100 193940734 1
181 34299 1
319 1299774 2
100 150427783 1
196 92309830 1
188 112094200 1
288 263863350 2
380 263937788 3
123 29752 1
246 62296 2
369 19630065 3
461 211341545 4
553 229387766 5
645 229427135 6
737 239358111 7
60 29170387 1
220 109646146 1
196 199196770 1
120 11658415 1
112 50856447 1
120 39048893 1
120 2244707 1
196 42333480 1
92 21122 1
60 32365600 1
196 9257774 1
60 29874104 1
196 29155818 1
120 19845175 1
240 19896887 2
360 30220217 3
196 29726734 1
388 60019285 2
123 8851932 1
246 60623881 2
342 69472881 3
92 9191700 1
184 80801234 2
80 40802463 1
92 9842069 1
116 20262103 1
88 119220648 1
112 50045 1
407 26129 1
158 68776058 1
270 200330670 2
196 50191890 1
96 6450970 1
112 19371261 1
192 8109470 1
120 19422446 1
112 9744252 1
112 21155138 1
224 61062855 2
336 121254138 3
448 121310988 4
560 121329409 5
123 28708 1
246 74570 2
369 12486660 3
449 192412733 4
92 10451346 1
172 29971070 2
92 10407742 1
184 10448670 2
120 25121477 1
216 25173718 2
120 149917593 1
240 667238594 2
360 667290424 3
120 10440 1
120 25456 1
100 112465483 1
92 60465874 1
112 280212777 1
392 49976766 1
120 131670 1
212 97446 1
408 80015789 2
552 101509737 3
672 140110275 4
196 94865839 1
388 95123027 2
196 86229 1
392 13294269 2
588 47987125 3
120 75021 1
196 8480779 1
392 16144878 2
196 9352123 1
392 43541111 2
100 28913620 1
168 14303 1
336 40187 2
504 56710 3
672 72362 4
840 87713 5
1008 105042 6
1176 120769 7
1344 135699 8
1512 150608 9
1680 166091 10
1772 35940148 11
196 29715477 1
392 67971886 2
584 77186081 3
112 28682 1
123 9120141 1
246 59298547 2
92 12404425 1
184 81395070 2
276 81443569 3
92 28991429 1
120 26824 1
240 10561863 2
120 68842372 1
240 68891767 2
360 108370900 3
480 278607783 4
600 278675478 5
720 286313698 6
120 28814026 1
236 78958985 2
120 40351549 1
220 133580677 2
120 32275 1
240 28405999 2
120 39368321 1
240 49787670 2
360 59214414 3
420 151227078 4
120 30094 1
240 82180526 2
120 120318881 1
200 389204107 1
396 460409208 2
196 27003823 1
392 177710342 2
244 206409230 1
488 407585015 2
732 603415251 3
976 798291311 4
123 30096624 1
246 30143843 2
369 39244146 3
196 149402432 1
104 76831485 1
208 76993192 2
104 27252 1
196 20567428 2
123 40322940 1
235 60784892 2
120 38182 1
120 5764751 1
532 30960244 1
196 120856318 1
316 140446391 2
436 140486802 3
556 141722780 4
432 37830 1
864 11313997 2
120 38114 1
532 40345180 1
60 20851048 1
432 2177214 1
432 2736302 1
60 14883 1
120 41562344 1
240 61823781 2
360 80950950 3
120 32230776 1
240 39310971 2
360 50006581 3
420 50055131 4
60 9251630 1
120 30212187 2
120 36579 1
104 29572996 1
432 2636436 1
432 9079339 1
432 27883 1
196 10613732 1
432 31809349 1
864 120885914 2
1296 170659559 3
1728 222362826 4
92 100414915 1
196 39788227 1
432 27846 1
864 57056 2
436 40627 1
196 53685563 1
436 24336945 1
96 9725993 1
432 19425 1
168 37269 1
336 2559385 2
432 1352728 1
168 36524 1
282 62880 2
168 9582 1
336 24979 2
450 40844 3
168 7515 1
336 24195 2
436 8097439 1
868 8132401 2
432 40739215 1
168 9969 1
336 28202 2
450 44860 3
168 8518 1
336 25087 2
504 42841 3
672 59373 4
840 75581 5
1008 1376790 6
1176 1405024 7
1344 1423445 8
1512 1441211 9
1680 1460150 10
1848 1477956 11
2016 1495655 12
2184 1513160 13
2352 1530113 14
2520 1548668 15
2688 1566548 16
2784 1583688 17
432 10470605 1
864 91181674 2
1296 140825688 3
1728 142515538 4
2160 142537952 5
432 17262902 1
864 19674524 2
1296 30074093 3
432 1638436 1
864 29032700 2
120 9103154 1
240 9153518 2
123 9417948 1
227 20292569 2
120 10630691 1
432 27452 1
120 40212612 1
240 40260218 2
436 18430 1
120 68350 1
240 11124524 2
360 11168280 3
96 25254 1
432 48086530 1
432 10663303 1
864 81834857 2
432 30589699 1
112 18976124 1
432 29828233 1
432 21091422 1
432 17921372 1
864 20530114 2
432 25639 1
864 51874 2
432 28245295 1
864 30537150 2
1296 110370597 3
123 38267 1
246 2175824 2
334 10171948 3
92 19459677 1
184 121037637 2
276 154293293 3
368 158503133 4
460 158535114 5
96 40121472 1
60 62361729 1
120 39845121 1
120 59336925 1
216 59390150 2
120 19804706 1
240 28233608 2
360 28288079 3
456 110636769 4
120 7593316 1
240 7631388 2
360 129555155 3
480 129589040 4
600 129606731 5
92 102091724 1
112 59811113 1
112 18381350 1
196 156027718 1
316 592953768 2
436 592998392 3
556 643615974 4
616 653101830 5
60 278644722 1
120 38008 1
196 8111690 1
392 10430476 2
196 54725898 1
392 84641049 2
120 7999026 1
196 2644718 1
316 19642031 2
436 30278862 3
556 39583167 4
120 37132 1
123 19991 1
243 9931794 2
196 121350055 1
316 182288453 2
120 79452336 1
240 219126781 2
360 267889275 3
92 29137264 1
100 19790592 1
92 171354094 1
123 25809 1
246 53942 2
369 1625162 3
492 18256336 4
612 49468552 5
92 20201 1
184 9942805 2
276 9996720 3
100 23258 1
181 32687 1
319 1555791 2
196 39377894 1
392 40650049 2
120 19022 1
120 36799 1
240 69319277 2
360 69383769 3
181 26310 1
319 2135650 2
112 19463530 1
96 292892467 1
120 10098515 1
120 28334 1
240 3547684 2
300 3574755 3
92 20014084 1
184 50278547 2
168 34803 1
336 80178 2
504 110524 3
672 139055 4
840 167144 5
120 70392925 1
240 70442009 2
196 11645466 1
316 11754591 2
436 11774296 3
556 11790087 4
676 11805979 5
736 13133220 6
120 32637 1
240 1420238 2
196 171703 1
92 9805159 1
120 68338980 1
212 228888047 2
175 386178022 1
287 386224029 2
379 398234940 3
96 80267232 1
96 69704757 1
120 8958013 1
123 30100 1
246 2229730 2
369 19531580 3
459 139404946 4
92 23441 1
184 48046 2
268 99490879 3
96 37114 1
196 152041 1
196 58067005 1
120 9418108 1
240 9471119 2
360 88902644 3
120 119604503 1
180 159882851 2
120 34847 1
240 39333440 2
104 49700590 1
196 180292913 2
268 287124378 3
72 170360272 1
72 416877851 1
112 38412410 1
120 9462183 1
120 119152661 1
236 253301518 2
120 10237112 1
216 100516064 2
92 38901281 1
184 88459686 2
196 2300318 1
196 111968 1
60 28689 1
84 19648656 1
168 32116 1
336 64045 2
504 1977573 3
672 2058689 4
196 30089903 1
123 26660 1
246 74256 2
92 52341 1
184 10400308 2
120 41346594 1
86 379329719 1
196 88886 1
120 70765547 1
112 91725140 1
120 8968708 1
240 18044853 2
360 18075097 3
120 49806542 1
240 58727678 2
340 169611947 3
96 31295280 1
120 9238320 1
240 29592341 2
352 39111524 3
96 70573650 1
120 261870146 1
240 290509211 2
120 36272 1
240 76169 2
360 96455 3
436 127040907 1
100 51993509 1
112 29792986 1
224 29898526 2
112 81995434 1
123 1117777 1
225 23652 1
383 3285652 2
506 31142033 3
626 69418112 4
718 69488958 5
112 39773367 1
104 37144 1
208 29688269 2
112 8439436 1
120 59846737 1
240 132098256 2
168 20885402 1
120 63491406 1
96 61615864 1
196 21595010 1
392 39909518 2
588 41198045 3
92 9284698 1
72 29978 1
123 8427247 1
235 28729575 2
92 38694 1
92 29255679 1
92 69847929 1
184 228180118 2
112 19528166 1
84 20837431 1
165 131555038 1
285 170372279 2
120 40153053 1
92 19041408 1
100 109343580 1
200 109396219 2
92 91725983 1
184 91818622 2
276 91852695 3
123 29204 1
246 69012 2
369 96444 3
92 23324 1
184 19369349 2
276 30506845 3
368 30559097 4
120 19622910 1
120 12934266 1
240 20242214 2
100 131381745 1
192 131447214 2
124 61160292 1
112 109769219 1
112 107428159 1
120 68135 1
168 10142451 1
116 21360 1
208 50082 2
196 30841387 1
392 32142252 2
584 49416057 3
196 19717890 1
196 49732688 1
196 71337854 1
196 2223292 1
392 50534986 2
560 112428321 3
674 112473435 4
168 7818 1
336 24886 2
504 41042 3
196 10624312 1
196 50521105 1
364 60083604 2
532 61358838 3
116 9531849 1
120 99526 1
104 122215333 1
164 211038572 2
123 88703520 1
246 98934737 2
369 149376204 3
469 158753549 4
569 240075763 5
661 249280363 6
92 38996 1
60 49771 1
80 390255452 1
120 10522715 1
232 30291300 2
120 8780194 1
240 19623764 2
360 48767560 3
480 79664320 4
600 99690272 5
720 99731975 6
780 148963408 7
120 26326 1
196 19804165 1
308 140871813 2
120 27340243 1
180 67414806 2
123 27962 1
246 60015 2
369 78827 3
481 20931647 4
573 209124645 5
665 232647686 6
757 241223962 7
849 241281236 8
92 168323065 1
120 257019107 1
180 257088323 2
120 51389826 1
240 51452094 2
352 61215447 3
120 7402730 1
240 27619077 2
360 27661653 3
480 30000506 4
600 59292084 5
720 59371776 6
840 59405341 7
960 60549149 8
1080 199890916 9
1200 207461810 10
1320 248175940 11
1412 248225095 12
120 11504 1
120 12355295 1
240 12403195 2
360 29685088 3
480 29727784 4
600 39599524 5
660 50060312 6
196 24434730 1
192 11582148 1
60 62593256 1
120 70511274 2
196 19077680 1
392 59093136 2
588 68187203 3
780 130143896 4
123 39423 1
246 49615876 2
120 7103606 1
236 47222098 2
60 19512616 1
120 49027676 1
120 70659575 1
240 70732381 2
352 108945852 3
120 50520174 1
232 50591318 2
344 51964983 3
104 191252868 1
208 191300764 2
312 191329433 3
412 329237677 4
196 345893936 1
60 196599791 1
123 28902 1
246 63904 2
369 84632 3
92 31341 1
92 9144 1
196 60403511 1
200 538084906 1
400 669045428 2
100 25388 1
181 40618 1
319 90189 2
92 56567897 1
112 299316707 1
120 21724993 1
240 80166504 2
360 80230432 3
120 140061646 1
240 140141677 2
300 140182683 3
360 140207426 4
60 10717526 1
128 29810053 1
248 39091911 2
120 117869 1
216 1282131 2
120 81621435 1
168 22353 1
336 48995 2
504 1268951 3
112 11331892 1
172 40848415 2
120 27524 1
240 10136213 2
360 10181191 3
480 11532145 4
196 10355179 1
123 13837679 1
246 59885023 2
92 25380 1
184 8487338 2
276 73053334 3
368 147416862 4
460 207699588 5
112 50455166 1
100 10270203 1
80 31915840 1
160 31965653 2
92 59227089 1
92 22700 1
96 29559364 1
92 29873 1
184 97416787 2
123 28785 1
246 72046 2
369 101456 3
123 165915 1
246 196205 2
369 3110476 3
96 26887 1
123 9767 1
246 31102 2
120 115869 1
88 10313 1
123 21728 1
246 53289 2
196 10050 1
308 18547011 2
124 32471 1
244 80833 2
112 7135903 1